17
0 0
0 1
0 2
0 3
0 4
0 5
0 6 
0 7
0 8
0 9
0 10
0 11
0 12
0 13
0 14
0 15
0 16
1
3 1 16 17
1
17 1 2 3 4 5 6 7 8 9 10 11 12 13 14 15 16 17



4
0 0
1000000 0
1000000 1000000
0 1000000



5
3 1 2 3
4 1 2 3 4

3 1 2 4
3 2 3 4
3 1 2 3









1
10
13
9 8 9 1 1 1 1 1 1 1 1 1 1

3
13
7
1 12 5 3 8 7 2


2
10
4
6 6 6 4












3
0 0
0 1
1 2
1
1 2 3







5 2 5
0 0
2 2
3 -1
4 1
5 0

2 0 1
0 0
1 1


