1 1 1
J


3 7 80
100 100 100 100 100 100 100
100 G 100 G 100 H 100
100 100 100 100 100 100 100

4 4 100
100 100 100 100
100 J 100 J
100 100 100 100
100 J 100 100

4 4 80
100 100 100 100
100 J J J
100 100 100 100
100 100 100 100


6 5 10
0 0 0 0 0
0 1 0 0 0
0 0 0 3 0
0 0 0 0 0
0 2 0 0 0
0 0 0 2 0

1 1 0
5 2 0
4 4 1
5 4 2
1 1 4
1 1 5
1 1 1000000000
1 2 1000000000
6 5 1000000000
6 4 1000000000


300 300 1

300 300 1000000000




10 1
aaaaaaaaaa

11 6
abracadabra

11 5
abracadabra

11 2
abracadabra

9 3
ababababa
