4
0 0
0 1
1 0
1 1


4
3 8 4 6
2 4 8 8
7 6 10 7
8 8 10 7

3
-8 59 53 -8
-37 13 26 -79
-4 -50 53 -49


-82 596 534 -86
-372 137 267 -790
-42 -508 532 -497


3
-825 5967 5344 -864
-3726 1370 2673 -7908
-425 -5089 5328 -4975


2
-3726 1370 2673 -7908
-425 -5089 5328 -4975
//yes 1 2



NOFAIL!!! 4, 2 intersects
        segs:
-6141 -233 210 -4628
-825 5967 5344 -864
-3726 1370 2673 -7908
824 -2835 8722 -1973
-425 -5089 5328 -4975
-9833 3039 -5664 -2325
-1089 5784 -909 194

2
0 0 0 0
0 0 0 0

6
0 0 2 0
0 1 2 1
2 0 0 2
0 0 0 2
1 0 1 2
0 2 2 0
yes 1 4

3
0 0 0 2
1 0 1 2
0 2 2 0
yes 

2
0 0 0 2
0 1 0 3
yes 1 2

2
0 0 1 0
1 0 2 0
yes 1 2

2 
0 0 2 2
0 2 2 0
yes 1 2

2
0 0 0 5
5 0 5 10
no

2
0 0 2 4
1 1 4 3
// NO


2
0 0 4 4
2 2 4 0
yes 1 2

4
3 8 4 6
2 4 8 8
7 6 10 7
8 8 10 7











0 0
9 9
10 10
10 10

0 0
9 9
9 5
0 5


0 0
9 9
15 15
7 7


4 8
+ 2
+ 2
+ 2
+ 2
+ 2
+ 2
- 2
- 2

4 5
+ 3
+ 3
+ 3
+ 1
- 3
- 4
- 1

1 2
+ 1
+ 1

3 10
+ 2
+ 1
+ 1
+ 1
- 1
- 2
- 3
- 4
- 1




2
0 2 0 2
1 0 2 1

1
0 0  1 1

2
0 0 1 1
0 2 0 2
4
0 0 3 3
1 1 2 2
100 100 101 101
200 200 201 201

3
-3 -3 3 3
-2 2 2 -2
-1 -1 1 1



